$ANSIBLE_VAULT;1.1;AES256
32303039336632366438636136616264346531353564613466323430396535383036643335323261
6437383563373064616131333933646133323731353436330a343833396236376366633862376532
33643766353363373433333661623135373739653634663564643436313733363865336336383462
3461393465336534300a313038323431623730393266346361353335646436316466336434636437
64656332396537343834636566376237653361316662356437366538663166323865396432386233
38383235396338656263336432303338633231313731373665303037616138613630373932636664
34643261363033366461336366663637353432393238326464633962663432376134313339636662
66343266643134393331333032383861353930323734656136336330636661316539343439333836
36643466343265326135653165386534373166343661643837633566303639376535373530636435
36396363663232653339343033366137333836623963623465636138663232306439373230653938
30353432303737646437616332386630303463633666626534376631336666656436373665323436
38343765323361343764
