$ANSIBLE_VAULT;1.1;AES256
66346664333136656562366530383738333838303734366535616563346338353734626466353138
6431383533663966333564303439373235353630323532620a386261656237633166353339353231
37363061356333336464356262326537343332346634366637363566346465343964333632373662
3737636439333430310a653164663563366436316233303062656463643035396138643633366235
37316131643366313536323938303334323739623266643234303661626462653364333436366430
36643234303639636432643361616539333536386631653538636533356261303239653032333961
36353839346435306162393234323263393330643766643663613238653466653763646637336235
33336231326139383366313634333863636232653762343764313239626264653132313134343962
39396232396537326339333963613532326238623761623931643534386463643239396637373436
33336364386534343965663930363064666665356630336165303361333134363931663862393730
31326466336166633532333633356230656430326532343165623862383131613363323266393838
39636535616333336438386238623436663636343335316238333139613436343163653061333633
39656363343130336361363864653064643866623838643133353665653961633830
